1	  60.24	  37.55	   0.65	  69.04	  87.60
2	  41.34	  35.83	   0.37	 315.40	 172.29
3	  53.98	  40.30	   1.53	 110.97	 170.01
4	  63.41	  53.70	   1.50	 253.14	  65.83
5	  71.81	  42.12	   0.62	 151.85	 312.05
6	  66.19	  64.12	   1.29	 143.03	 352.48
7	  47.17	  50.18	   0.20	  54.54	 255.97
8	  36.36	  40.48	   0.35	  42.06	 244.56
9	  63.10	  37.97	  -1.00	 119.86	 100.36
10	  56.80	  37.49	  -0.04	  61.46	 339.66
11	  66.00	  45.08	   0.62	  71.50	  69.96
12	  68.91	  67.24	   2.41	 304.37	  91.09
13	  72.10	  82.92	   0.43	  62.86	 309.99
14	  51.99	  31.63	   0.66	 177.53	 127.98
15	  40.41	  36.32	   0.20	  87.91	 204.41
16	  83.71	  94.96	  -0.20	 156.56	 226.52
17	  56.22	  41.54	   1.51	  91.71	  92.24
18	  78.04	  82.53	  -0.81	 115.38	 177.33
19	  65.82	  28.70	  -0.74	  88.24	 158.84
20	  50.15	  58.30	  -1.70	  47.76	  60.01
21	  41.31	  30.48	  -0.57	  74.38	 351.65
22	  86.50	  89.55	  -1.39	 128.53	 338.77
23	  80.56	  46.61	  -0.18	  77.91	  49.65
24	  82.93	  55.43	   2.40	  80.30	 279.83
25	  34.63	  39.10	  -2.04	  66.34	 220.20
26	  79.17	  42.92	  -1.23	 195.89	 251.02
27	  70.73	  32.35	   1.44	 135.64	 357.63
28	  70.66	  76.58	  -0.30	  98.90	  52.13
29	  58.19	  34.19	   0.07	 161.20	 366.49
30	  48.18	  41.46	   0.27	 207.53	  69.54
31	  43.64	  33.42	   0.71	  35.20	 141.96
32	  45.24	  35.34	  -0.60	 165.79	 135.20
33	  77.76	  48.14	   1.46	 329.91	 104.82
34	  80.16	  61.13	  -1.27	  92.04	 198.82
35	  65.67	  49.78	  -1.03	  47.53	 248.78
36	  95.57	  73.68	  -2.37	 104.61	 354.84
37	  43.89	  44.06	  -1.75	 123.31	 195.19
38	  95.89	  66.64	   1.31	 262.64	 145.82
39	  61.02	  37.72	  -0.44	  85.67	 384.08
40	  67.30	  74.11	   1.10	  57.19	 179.20
41	  52.36	  45.70	   0.57	 161.22	 253.94
42	  39.22	  42.06	   0.36	  37.32	 290.34
43	  39.70	  31.73	  -0.61	  92.76	 291.30
44	  49.30	  52.64	   1.09	 371.49	 283.37
45	  65.13	  59.49	  -0.40	  91.61	 136.26
46	  77.63	  32.47	  -1.33	  90.61	 282.94
47	  51.24	  39.01	   1.98	 137.80	 249.67
48	  59.07	  34.74	  -1.53	  84.58	 199.78
49	  68.31	  69.58	  -0.08	  87.14	 170.60
50	  35.66	  38.32	   0.92	  42.21	  41.23
51	  66.06	  42.80	  -1.48	 197.62	 193.22
52	  53.99	  53.80	   1.49	 211.96	  79.34
53	  49.72	  46.90	   0.71	  69.59	 311.79
54	  60.93	  52.69	   0.47	 262.20	 143.38
55	  49.81	  35.95	   1.74	 110.74	 193.59
56	  71.53	  35.76	  -0.71	 142.30	 105.11
57	  84.93	  65.42	   0.46	 200.63	  53.03
58	  66.87	  74.53	   2.29	  98.29	 202.38
59	  67.81	  44.80	  -0.29	 150.35	  90.32
60	  83.00	  47.14	  -1.48	 152.35	 289.37
61	  46.33	  32.90	  -1.05	  54.53	 277.74
62	  43.61	  29.36	   0.27	 114.22	 233.91
63	  65.58	  48.30	   1.54	  95.91	 123.53
64	  47.02	  39.36	  -1.15	 194.13	 162.10
65	  79.35	  75.99	  -0.00	 241.85	 330.79
66	  82.78	  43.86	   0.93	 112.73	 100.40
67	  70.67	  28.55	  -0.05	 231.27	 186.28
68	  57.80	  42.27	   1.15	 255.89	 241.39
69	  57.64	  23.11	  -1.10	 118.25	 334.36
70	  45.88	  30.05	   0.38	 121.45	 272.18
71	  72.58	  57.98	  -1.68	 113.29	  90.93
72	  67.59	  52.19	   1.02	  74.56	 108.44
73	  72.81	  49.53	   0.32	  79.59	 235.77
74	  41.43	  45.03	   1.99	 114.52	 323.27
75	  80.10	  49.92	  -1.06	  54.61	 367.96
76	  82.26	  32.22	  -1.26	 128.81	 224.03
77	  71.59	  36.41	  -1.26	 210.81	 223.63
78	  81.56	  89.48	  -0.42	 238.49	 242.60
79	  77.76	  47.55	  -0.25	 158.93	 330.19
80	  44.44	  40.48	   0.29	 175.07	 285.72
81	  58.38	  43.92	  -0.23	  87.64	 327.15
82	  63.44	  41.56	  -0.58	 111.84	 329.53
83	  76.58	  43.42	   1.14	 224.10	 274.63
84	  41.53	  43.03	  -0.87	  91.65	  78.56
85	  41.82	  49.81	   0.47	  35.75	  38.82
86	  60.65	  65.91	  -0.33	 253.46	 238.49
87	  61.49	  61.07	  -1.40	 359.29	 181.25
88	  42.53	  32.15	  -0.63	  78.15	 155.92
89	  53.81	  56.05	   0.19	 100.92	 142.75
90	  44.46	  51.88	   1.02	  87.86	 234.32
91	  59.70	  49.33	  -0.69	  59.30	  46.74
92	  47.62	  50.52	   0.39	 184.63	 224.36
93	  90.95	  63.99	  -1.53	 125.72	 140.58
94	  40.54	  50.17	  -0.33	 325.10	  75.53
95	  56.60	  27.76	   0.26	 144.44	 262.64
96	  93.55	  55.66	  -1.19	 228.63	 170.99
97	  55.60	  40.50	  -1.61	  73.40	 337.96
98	  77.71	  72.78	   0.56	 107.36	  63.41
99	  33.15	  37.37	  -0.54	  38.62	 342.91
100	  54.14	  52.01	  -0.33	  75.27	 287.11
101	  59.68	  58.69	   0.72	  54.40	  91.68
102	  82.16	  59.09	  -0.10	 121.66	  53.36
103	  61.73	  53.45	  -0.46	 233.58	 341.75
104	  59.93	  48.39	   0.20	 100.97	  31.93
105	  44.44	  35.70	   1.76	 147.34	 304.92
106	  38.54	  36.24	  -0.60	  66.14	 306.23
107	  65.88	  29.16	  -0.40	 356.52	  75.27
108	  41.33	  46.97	   1.38	  99.96	 226.13
109	  70.42	  32.24	   0.19	 110.43	 200.77
110	  48.11	  37.05	   0.56	  57.01	 169.67
111	  94.93	  66.52	  -1.32	 147.58	 214.32
112	  36.90	  35.27	   0.67	 149.71	 223.29
113	  47.01	  44.03	   0.78	  71.57	 324.27
114	  47.39	  33.80	   1.04	 197.68	  98.59
115	  60.60	  44.05	   0.15	 265.56	 204.00
116	  70.44	  70.09	  -1.17	 226.15	 144.86
117	  36.99	  35.72	  -0.39	  54.83	 129.66
118	  77.22	  49.62	  -0.34	 201.95	 349.81
119	  76.09	  45.04	   1.66	 112.70	 192.48
120	  85.35	  79.52	   0.83	 114.72	 344.90
121	  59.79	  50.52	   1.29	 101.14	 180.78
122	  81.19	  52.35	  -1.67	  64.58	 126.65
123	  43.84	  49.09	   1.45	  73.70	 187.62
124	  84.68	  71.72	  -0.10	 147.96	 206.28
125	  93.88	  48.22	  -0.22	  86.63	 188.66
126	  62.99	  51.72	  -0.82	  90.55	 226.92
127	  53.51	  47.10	   1.07	 201.42	 253.58
128	  52.01	  35.24	  -0.53	 102.62	 256.35
129	  66.16	  86.11	  -0.64	 140.14	 308.16
130	  64.37	  72.80	   1.77	 165.54	 278.91
131	  69.48	  55.75	  -1.27	 158.47	  96.01
132	  37.94	  34.56	   0.68	 152.75	 293.48
133	  51.82	  52.74	   0.17	  79.78	 273.40
134	  35.22	  39.12	   0.45	  55.86	 103.44
135	  46.42	  40.21	   0.59	 197.52	 106.26
136	  58.64	  28.10	   1.12	  72.60	 192.04
137	  55.05	  42.32	  -0.45	  72.36	  87.86
138	  58.15	  58.50	   2.01	 303.58	 273.43
139	  40.19	  45.37	   1.58	 242.34	 130.58
140	  35.33	  44.72	   0.18	 247.85	 321.07
141	  59.25	  36.94	   0.90	 180.93	 126.19
142	  94.03	  48.80	  -1.41	 298.44	 200.25
143	  46.07	  48.65	   1.16	 277.21	 138.64
144	  45.26	  35.18	   1.37	  66.82	  56.96
145	  65.10	  55.27	   0.46	  81.85	  76.53
146	  91.57	  66.00	  -0.15	 105.13	 255.91
147	  45.35	  44.98	  -0.51	  60.03	 108.93
148	  72.86	  76.36	   1.53	 220.54	 118.22
149	  44.01	  28.19	   0.79	  52.86	 272.30
150	  40.69	  35.31	  -1.99	 173.00	 210.24
tr