1	  63.52	  10.68	   0.61	 410.00	 136.00
2	  63.61	  20.38	   0.31	 407.00	 102.00
3	  71.56	  11.96	   0.70	 347.00	 159.00
4	  70.92	  14.42	   0.14	 217.00	 441.00
5	  51.43	  13.67	  -0.37	 206.00	 211.00
6	  31.09	  13.48	  -0.49	 362.00	 296.00
7	  99.22	  32.40	  -0.75	 325.00	 268.00
8	  59.90	   9.62	  -0.53	 383.00	 203.00
9	  42.87	  18.54	   0.38	 109.00	 287.00
10	  50.41	   9.31	  -0.63	 229.00	 396.00
11	  22.99	   8.34	   0.64	 382.00	 137.00
12	  54.15	  15.25	  -0.25	 343.00	 228.00
13	  69.97	  10.41	   0.47	 105.00	 347.00
14	  54.26	   9.67	   0.01	 295.00	 102.00
15	  33.43	  17.73	  -0.35	 232.00	 306.00
16	  27.98	  10.77	   0.41	 397.00	 396.00
17	  27.63	  11.79	   0.24	 151.00	 142.00
18	  31.64	  12.82	   0.52	 215.00	 324.00
19	  63.61	   9.10	  -0.49	 241.00	 424.00
20	  61.40	  11.31	   0.05	 239.00	 146.00
21	  60.19	  11.24	  -0.54	 415.00	 400.00
22	  46.10	  11.55	  -0.68	 224.00	 420.00
23	  49.82	  10.14	   0.14	 256.00	 222.00
24	  66.70	  23.80	   0.18	 223.00	 138.00
25	  72.24	  11.15	   0.06	 358.00	 140.00
26	  55.31	   9.39	  -0.66	 178.00	 133.00
27	  67.71	  18.60	   0.11	 103.00	 338.00
28	  75.48	  14.71	   0.24	 182.00	 419.00
29	  48.78	  12.53	  -0.35	 206.00	  88.00
30	  22.89	   9.27	   0.76	 222.00	 228.00
31	  76.77	  11.51	   0.44	 238.00	  94.00
32	  61.85	  20.71	   0.16	 374.00	 285.00
33	  28.34	  12.08	  -0.44	 248.00	 295.00
34	  70.25	   9.85	  -0.25	 116.00	 199.00
35	  69.60	   9.53	   0.29	 285.00	 109.00
36	  69.02	  11.10	   0.32	 128.00	 345.00
37	  59.33	  13.74	  -0.34	 288.00	 135.00
38	  28.11	  15.34	   0.45	 437.00	 270.00
39	  71.81	  11.52	  -0.31	 103.00	 328.00
40	  46.06	  20.83	   0.47	 120.00	 407.00
41	  76.78	  51.46	   0.77	 146.00	 213.00
42	  48.86	  10.96	   0.50	 400.00	  93.00
43	  66.31	  15.22	   0.48	 187.00	 420.00
44	  61.30	  10.61	   0.58	 296.00	 111.00
45	  65.04	  13.16	  -0.39	 189.00	 356.00
46	  75.50	  23.56	  -0.37	 320.00	  94.00
47	  23.29	  10.14	  -0.34	 267.00	 156.00
48	  30.61	  15.16	  -0.60	  99.00	 338.00
49	  26.11	   8.35	  -0.42	 282.00	 198.00
50	  61.32	  13.97	  -0.72	 391.00	 245.00
51	  76.03	  20.07	  -0.21	 402.00	 426.00
52	  62.17	  12.94	   0.78	 119.00	 418.00
53	  52.47	  13.68	  -0.36	 192.00	 182.00
54	  68.60	  24.87	   0.32	 166.00	 156.00
55	  50.24	  12.50	  -0.71	 395.00	 337.00
56	  60.65	  31.39	   0.71	 300.00	 353.00
57	  47.90	  16.78	   0.29	  86.00	 228.00
58	  68.74	  20.80	  -0.21	 222.00	 247.00
59	  65.44	  11.96	  -0.62	 224.00	 155.00
60	  49.06	  11.73	  -0.77	 323.00	 228.00
61	  24.88	   9.90	   0.22	 321.00	 439.00
62	  23.00	  12.13	   0.12	 301.00	 244.00
63	  68.90	  13.79	   0.14	 257.00	 276.00
64	  36.54	  19.97	   0.73	 253.00	 162.00
65	  70.00	  14.80	  -0.67	  98.00	 393.00
66	  48.09	   9.89	   0.15	 212.00	 324.00
67	  33.37	  14.77	  -0.33	 250.00	 305.00
68	  67.26	  13.18	   0.20	 190.00	 270.00
69	  69.98	  10.29	  -0.68	 114.00	 280.00
70	  65.85	  27.63	  -0.39	 277.00	 198.00
71	  68.87	  16.79	   0.38	 100.00	 431.00
72	  70.78	  10.48	   0.70	 107.00	 406.00
73	  64.77	   7.54	  -0.41	 296.00	 137.00
74	  58.40	  11.29	   0.07	 303.00	 295.00
75	  23.96	   8.57	  -0.46	 159.00	 226.00
76	  66.17	   9.13	  -0.70	 375.00	 371.00
77	  45.68	  18.20	  -0.39	 308.00	 139.00
78	  30.06	  11.97	   0.12	 151.00	 399.00
79	  70.40	  21.77	   0.57	 259.00	 248.00
80	  61.13	  12.80	   0.35	 352.00	 280.00
81	  72.03	  24.28	   0.15	  92.00	 103.00
82	  73.56	   9.57	   0.40	 230.00	 176.00
83	  28.43	   9.96	  -0.34	  90.00	 424.00
84	  72.20	   4.83	   0.70	 422.00	 247.00
85	  77.74	  17.66	  -0.38	 320.00	 315.00
86	  62.78	  29.80	   0.50	 226.00	 137.00
87	  73.74	  10.12	  -0.61	 227.00	 344.00
88	  67.40	  12.53	   0.73	 423.00	 398.00
89	  72.22	  10.46	   0.39	 421.00	 213.00
90	  46.03	  14.32	   0.34	 360.00	 281.00
91	  27.02	  10.37	  -0.42	 122.00	  85.00
92	 100.07	  52.25	  -0.48	 327.00	 129.00
93	  63.09	  14.16	  -0.71	 292.00	 224.00
94	  24.81	  11.93	   0.50	 235.00	 266.00
95	  64.44	   9.27	  -0.46	 410.00	 297.00
96	  67.47	   8.63	   0.33	 213.00	 384.00
97	  68.77	  10.19	  -0.27	 270.00	 248.00
98	  37.52	  18.28	   0.52	 288.00	 386.00
99	  72.52	  12.64	   0.39	 168.00	 282.00
100	  31.50	  14.38	  -0.61	 149.00	 250.00
101	  80.90	  38.99	  -0.77	 323.00	 202.00
102	  51.72	   9.56	   0.16	 168.00	  90.00
103	  85.11	  25.69	   0.26	 298.00	 325.00
104	  26.70	   9.44	  -0.63	 382.00	 432.00
105	  67.98	  15.54	  -0.66	 289.00	 359.00
106	  69.28	  30.24	  -0.74	 186.00	 416.00
107	  57.34	  10.30	  -0.43	 266.00	 251.00
108	  83.49	   8.73	   0.52	 108.00	 249.00
109	  29.38	   9.56	  -0.65	 377.00	 290.00
110	  23.92	  11.09	   0.18	 164.00	 133.00
111	  59.24	  13.26	  -0.59	 126.00	 287.00
112	  31.81	  15.15	  -0.63	 103.00	 383.00
113	  53.33	  13.83	  -0.19	 378.00	 224.00
114	  69.98	  12.92	  -0.62	 284.00	 252.00
115	  70.06	  20.94	  -0.69	 385.00	 394.00
116	  70.17	   9.90	  -0.06	 243.00	 226.00
117	  23.06	   8.79	  -0.21	 257.00	 153.00
118	  55.56	  10.28	  -0.79	 203.00	 421.00
119	  77.22	  11.94	   0.55	 334.00	 193.00
120	  28.26	  11.95	   0.57	 132.00	 129.00
121	  74.84	  10.58	  -0.49	 393.00	  85.00
122	  23.18	  10.39	  -0.52	 338.00	 206.00
123	  78.66	  50.50	  -0.70	 115.00	 217.00
124	  30.88	  13.24	  -0.35	 246.00	 433.00
125	  23.71	  13.36	  -0.48	 211.00	 213.00
126	  56.89	  14.72	   0.36	 347.00	 431.00
127	  30.22	  11.87	  -0.36	 372.00	 273.00
128	  23.99	  11.39	  -0.59	 286.00	 140.00
129	  50.39	  12.46	  -0.19	 165.00	 350.00
130	  66.33	   9.81	  -0.64	 280.00	 163.00
131	  50.01	   7.96	  -0.70	 160.00	 310.00
132	  79.36	   9.96	   0.36	 279.00	 151.00
133	  73.63	  18.19	   0.38	 425.00	 186.00
134	  80.42	  33.72	   0.35	 396.00	 244.00
135	  33.22	   8.80	   0.79	  95.00	 254.00
136	  48.73	  20.39	  -0.21	 239.00	 209.00
137	  32.93	  17.46	   0.75	 402.00	 135.00
138	  86.09	  10.73	  -0.09	 210.00	 254.00
139	  45.81	   9.83	  -0.25	 142.00	 159.00
140	 103.82	  12.98	   0.60	 184.00	 290.00
141	  57.75	  10.06	   0.70	 408.00	 238.00
142	  65.80	  28.38	  -0.66	 110.00	 400.00
143	  26.73	  13.34	  -0.25	 137.00	 230.00
144	  54.45	  32.39	   0.23	 368.00	 421.00
145	  76.48	  10.68	  -0.33	 182.00	 275.00
146	  55.28	  10.20	  -0.69	 169.00	 261.00
147	  85.62	  24.57	   0.49	 272.00	 374.00
148	  30.23	  16.38	  -0.39	 366.00	 354.00
149	  50.88	  19.48	  -0.54	 244.00	 145.00
150	  31.50	  14.10	  -0.62	 185.00	 418.00
tr